2008
2022
2008
2012
2008
2008
2012
2008
2022
2022
2008
2008
2008
2008
2008
2022
2023
2013
2023
2024
2008
2008
2008
2008
2008
2008
2008
2008
2014
2008
2008
2008
2008
2008
2008
2008
2008
2008
2008
2008
2008
2008
2008
2008
2023
2008
2008
2022
2014
2023
2008
2024
2024
2023
2025
2024
2024
2025
2025
2008
2008
2008
2024
2008
2024
2008
2022
2022
2022
2022
2022
2022
2022
2022
2022
2022
2022
2022
2022
2022
2022
2022
2022
2023
2023
2014
2008
2022
2008
2023
2023
2022
2008
2022
2022
2025
2022
2025
2022
2022
2025
2008
2008
2022
2008
2008
2008
2013
2008
2014
2022
2022
2008
2022
2023
2023
2023
2022
2023
2023
2023
2025
2022
2025
2022
2008
2008
2008
2014
2008
2008
2024
2022
2008
2014
2008
2014
2008
2022
2023
2023
2008
2008
2008
2022
2008
2008
2008
2008
2008
2008
2008
2023
2024
2008
2008
2008
2022
2025
2014
2014
2008
2008
2008
2022
2022
2014
2022
2025
2008
2023
2008
2016
2022
2008
2008
2014
2008
2022
2022
2008
2014
2008
2023
2008
2008
2023
2008
2008
2024
2024
2025
2025
2025
2025
2025
2025
2025
2025
2025
2025
2025
2025
2025
2025
2025
2025
2025
2025
2025
2025
2025
2025
2025
2023
2008
2008
2014
2022
2014
2014
2014
2014
2014
2014
2008
2024
2022
2022
2008
2022
2023
2025
2025
2024
2025
2025
2025
2023
2023
2022
2023
2023
2018
2008
2021
2022
2008
2023
2008
2008
2022
2008
2022
2024
2022
2008
2023
2023
2008
1996
2008
2008
2008
2008
2008
2008
